521 273
536 531
643 651
733 555
751 160
858 318
520 273
539 535
650 643
734 501
754 163
854 312
520 278
528 475
626 667
750 479
751 156
869 251
523 280
534 533
648 582
746 481
756 159
883 266
511 278
536 535
618 682
747 479
754 165
892 263
521 277
539 531
651 579
735 552
754 164
853 311
521 272
546 537
706 585
751 473
754 164
900 262
515 272
525 471
581 704
731 561
760 165
853 314
518 273
526 468
656 582
748 476
754 165
869 250
517 269
526 472
586 698
732 499
761 167
860 233
518 271
525 469
586 558
732 554
763 173
849 312
502 268
526 462
651 642
706 523
765 173
858 316
522 278
522 401
580 575
735 553
763 169
852 311
519 270
536 528
574 720
745 484
760 161
860 243
516 271
528 473
598 551
734 493
760 157
850 305
508 266
532 468
636 671
705 581
766 176
852 303
502 267
526 462
652 588
707 524
766 174
855 307
524 284
549 538
674 707
746 481
757 160
882 253
521 272
524 402
577 569
737 495
758 160
865 229
513 281
538 529
618 712
732 553
755 154
855 306
521 277
537 530
707 528
768 458
769 166
879 246
513 275
558 531
695 421
751 476
759 169
883 249
521 277
550 523
622 560
729 554
759 105
859 310
514 270
542 469
650 586
743 580
774 183
885 274
520 278
540 533
623 687
734 500
761 110
862 236
507 270
551 526
634 762
746 484
766 174
862 247
515 273
537 529
689 606
770 413
771 170
875 404
517 276
544 531
730 323
733 552
764 115
875 404
507 271
535 477
566 508
754 475
757 146
855 232
519 279
524 402
644 647
754 602
768 173
857 309
503 272
537 473
691 598
771 422
778 184
904 382
511 281
552 526
716 318
751 477
769 144
899 254
498 273
543 539
706 527
771 589
773 174
847 327
524 285
534 531
633 674
750 612
774 172
848 439
524 283
531 471
574 562
748 477
752 208
853 233
516 280
547 524
715 573
747 652
788 190
841 470
513 275
521 398
651 651
727 558
780 178
831 491
499 300
525 465
675 615
752 652
772 178
848 478
516 276
547 519
697 368
767 460
782 158
852 313
512 292
536 531
769 174
839 500
877 210
887 386
495 284
548 522
651 470
726 558
767 122
869 250
501 279
520 390
670 562
753 466
767 174
902 372
508 290
554 521
626 487
730 495
760 98
890 247
516 286
560 506
766 173
815 410
849 237
917 431
515 278
521 400
695 599
736 577
789 192
814 409
517 275
563 513
650 481
711 580
792 181
893 389
515 289
542 522
769 163
841 489
868 160
886 395
510 291
544 479
697 229
702 585
767 110
883 260
499 306
526 470
708 577
741 665
773 178
846 481
504 289
547 526
592 336
735 494
760 90
882 235
517 285
560 504
764 167
815 411
846 306
911 439
509 277
546 543
709 526
719 397
786 189
866 524
520 284
545 465
684 525
718 573
760 159
902 259
512 295
556 522
764 167
839 495
886 112
896 397
472 257
544 538
695 530
763 458
778 179
891 256
506 285
542 526
682 412
709 585
787 166
891 389
514 286
552 520
769 177
832 567
879 203
885 399
466 281
536 530
715 571
754 650
779 181
833 346
496 645
530 395
574 707
675 164
844 441
1004 230
479 261
543 542
679 705
747 476
774 181
870 517
343 509
515 693
520 274
533 394
794 187
838 494
487 402
497 296
577 707
687 171
850 481
1018 232
470 261
548 538
690 599
736 489
779 181
898 422
190 133
526 279
526 462
661 574
851 305
943 848
302 512
522 274
536 468
656 571
855 315
855 495
242 183
528 277
532 458
659 572
858 316
876 534
364 383
511 696
522 280
531 390
793 184
832 488
502 273
547 531
725 323
728 560
791 178
805 689
502 287
523 471
675 508
765 461
767 163
875 239
504 286
524 472
668 418
762 465
765 150
872 227
462 298
524 468
693 527
732 565
757 156
884 247
524 386
530 757
710 578
757 473
781 179
839 478
274 365
527 278
561 516
663 576
855 311
912 662
254 196
520 271
559 524
658 581
857 311
936 674
371 750
511 703
515 270
525 384
792 172
826 496
484 406
505 284
579 561
680 163
844 472
1012 234
314 507
527 280
559 523
655 583
856 314
919 611
285 477
501 263
543 467
650 642
859 309
897 404
450 270
527 470
676 664
702 582
779 186
882 518
257 212
509 271
540 473
725 569
844 306
892 390
478 279
531 473
691 619
759 602
776 181
846 490
465 264
525 473
715 518
727 570
791 195
802 724
186 134
507 275
544 531
694 534
855 311
922 849
276 367
495 262
531 462
653 576
853 306
890 262
215 160
507 265
526 401
660 566
856 319
892 422
476 270
527 474
697 422
714 572
787 171
826 563
518 392
634 657
699 988
739 669
782 165
900 390
520 392
640 655
688 977
708 607
777 157
881 237
333 381
510 693
529 388
554 329
797 189
841 489
491 397
541 392
571 566
680 171
843 437
1003 230
381 255
521 394
643 648
691 619
786 167
830 495
303 511
521 389
661 569
710 514
776 158
889 416
379 255
522 398
613 711
694 595
782 158
834 345
